(119,67);(120,67);(121,67);(122,67);(123,67)-(119,68)
(117,70);(118,70);(119,70);(120,70);(121,70)-(121,69)
(108,58);(108,59);(108,60);(108,61)-(107,58)
(103,60);(104,60);(105,60);(105,61)-(106,61)
(98,49);(98,50);(98,51);(99,51)-(97,49)
(95,49);(94,49);(93,49);(92,49);(91,49)-(95,48)
(68,46);(69,46);(71,46);(70,46);(72,46)-(68,47)
(65,49);(64,49);(63,49);(62,49);(61,49)-(65,48)
(47,43);(46,43);(45,43);(44,43);(43,43)-(43,44)
(45,46);(44,46);(43,46);(42,46);(41,46)-(45,45)
(27,43);(28,43);(29,43);(30,43);(31,43)-(27,44)
(24,43);(24,42);(24,41);(24,40);(24,39)-(25,43)
(36,33);(35,33);(35,34);(34,34)-(36,32)
(36,30);(36,29);(36,28);(36,27)-(37,30)
(48,23);(49,23);(50,23);(51,23);(52,23)-(52,22)
(53,19);(54,19);(55,19);(56,19);(57,19)-(53,20)
(68,22);(67,22);(66,22);(64,22);(65,22)-(68,21)
(68,19);(68,18);(68,17);(68,16);(68,15)-(69,19)
(61,9);(61,10);(61,11);(62,11)-(60,9)
(58,13);(58,14);(59,14);(60,14)-(60,13)
(64,64);(65,64);(66,64);(67,64);(68,64)-(68,63)
(64,61);(65,61);(66,61);(67,61);(68,61)-(64,62)
(75,55);(76,55);(77,55);(78,55);(79,55)-(79,54)
(79,52);(78,52);(77,52);(76,52);(75,52)-(75,53)
(8,59);(9,59);(10,59);(11,59);(12,59)-(8,60)
(8,62);(9,62);(10,62);(12,62);(11,62)-(12,61)
(27,46);(27,47);(27,48);(27,49);(26,50);(27,50)-(26,46)
(95,46);(95,45);(95,44);(95,43);(95,42)-(96,46)
(98,36);(98,38);(98,37);(98,39);(98,40)-(97,36)
(80,35);(80,34);(81,34);(82,34);(83,34)-(80,36)
(24,46);(23,46);(22,46);(21,46)-(24,45)
(8,42);(9,42);(10,42);(11,42);(12,42)-(12,41)
(17,39);(16,39);(15,39);(14,39);(13,39)-(13,40)
(76,38);(75,38);(74,38);(73,38);(72,38)-(76,37)
(106,25);(107,25);(108,25);(109,25);(110,25)-(110,24)
(116,21);(117,21);(118,21);(119,21)-(116,22)
(49,36);(50,36);(51,36);(52,36)-(52,35)
(51,33);(52,33);(53,33);(54,33)-(51,34)
(120,44);(121,44);(122,44);(123,44)-(120,45)
(122,47);(123,47);(124,47);(125,47)-(125,46)
(15,21);(16,21);(17,21);(18,21)-(15,22)
(11,24);(12,24);(13,24);(14,24)-(14,23)