(95,46);(96,46);15
(95,49);(95,48);45
(89,46);(89,47);15
(86,49);(86,48);45
(48,46);(48,47);30
(45,48);(46,48);30
(27,43);(27,44);15
(24,43);(25,43);30
(36,33);(36,32);0
(36,30);(37,30);0
(39,26);(38,26);0
(68,22);(68,21);30
(39,23);(39,24);30
(68,19);(69,19);0
(80,38);(79,38);0
(77,35);(78,35);0
(80,35);(80,36);30
(77,38);(77,37);30
(39,30);(39,31);30
(36,26);(36,25);30
(27,46);(26,46);0
(24,46);(24,45);45
(98,49);(97,49);0
(98,36);(97,36);30
(95,36);(95,35);15
(95,33);(96,33);0
(98,33);(98,34);45
(98,27);(97,27);0
(95,27);(95,26);30
(98,24);(99,24);30
(71,19);(71,20);30
(71,22);(70,22);0
(89,49);(88,49);0
(85,46);(86,46);30
(74,61);(75,61);30
(77,61);(76,61);30
(110,63);(110,64);30
(109,66);(109,65);30